toto tensor([ 223.7760,  127.2665,  735.6713,  336.9014,    0.9952])
toto tensor([ 550.7174,  143.6982,  782.7875,  376.6142,    0.8787])
toto tensor([ 528.8718,  104.5330,  684.3153,  229.3686,    0.8597])
toto tensor([ 515.1765,  109.7809,  689.2339,  336.3048,    0.8067])
toto tensor([ 688.9854,  153.2450,  749.1915,  250.6122,    0.5648])
toto tensor([ 666.5626,  146.2843,  789.1492,  325.1896,    0.5292])
toto tensor([ 339.3837,  117.8451,  673.7956,  246.4790,    0.3008])
toto tensor([ 707.0246,  170.0359,  746.7441,  242.0306,    0.2514])
toto tensor([ 702.7375,  159.6043,  780.5743,  276.6487,    0.1805])
toto tensor([ 661.1481,  142.0672,  744.7423,  275.7936,    0.1714])
toto tensor([ 256.0302,  134.6533,  604.9895,  281.4329,    0.0517])
toto tensor([ 228.9921,  110.5292,  685.2410,  334.2594,    0.9961])
toto tensor([ 545.8202,  156.2758,  767.1755,  352.9781,    0.9083])
toto tensor([ 516.0850,  109.9468,  697.4609,  331.7266,    0.8740])
toto tensor([ 699.3539,  168.5036,  733.3267,  234.9945,    0.5890])
toto tensor([ 655.6519,  137.6346,  724.5134,  248.4729,    0.5119])
toto tensor([ 647.1712,  134.6500,  776.8646,  331.3730,    0.4134])
toto tensor([ 534.4920,  100.5164,  673.8351,  234.8369,    0.3456])
toto tensor([ 348.0072,   98.5131,  669.6801,  248.4552,    0.2598])
toto tensor([ 676.9850,  144.6136,  740.4435,  239.0199,    0.1710])
toto tensor([ 688.7481,  155.9272,  727.9326,  223.2207,    0.1409])
toto tensor([ 696.4662,  158.7853,  755.3284,  245.2086,    0.1224])
toto tensor([ 501.2363,   54.6004,  686.7532,  258.5279,    0.1132])
toto tensor([ 649.6752,  152.7780,  736.9979,  297.4124,    0.1032])
toto tensor([ 703.4259,  169.1280,  725.4919,  218.1578,    0.0839])
toto tensor([ 566.1372,  102.8505,  763.2871,  274.5188,    0.0709])
toto tensor([ 216.0578,  103.2980,  701.7672,  337.4760,    0.9970])
toto tensor([ 578.5069,  130.3514,  775.7390,  365.7196,    0.9510])
toto tensor([ 505.7541,  107.1161,  689.9975,  332.0932,    0.8069])
toto tensor([ 660.8417,  137.2137,  721.4533,  227.6498,    0.3320])
toto tensor([ 333.6935,   95.6633,  662.1527,  245.6374,    0.3174])
toto tensor([ 637.8647,  136.3617,  707.8246,  269.6310,    0.1564])
toto tensor([ 639.0487,  122.5791,  767.3816,  313.5552,    0.1554])
toto tensor([ 217.6938,  161.0844,  574.1431,  316.3991,    0.1355])
toto tensor([ 674.4791,  143.6502,  745.0285,  236.8333,    0.1332])
toto tensor([ 681.6309,  160.3681,  723.2379,  226.5888,    0.0932])
toto tensor([ 537.7093,   97.6444,  739.7454,  271.0435,    0.0825])
toto tensor([ 376.0429,  123.1743,  701.1699,  297.4712,    0.0775])
toto tensor([ 491.9182,   56.3144,  668.4053,  262.8802,    0.0577])
toto tensor([ 305.9178,  102.5181,  508.1270,  248.4032,    0.0543])
toto tensor([ 524.3008,   98.7910,  665.8195,  217.0025,    0.0529])
toto tensor([ 194.9517,   87.7129,  706.2220,  344.6004,    0.9972])
toto tensor([ 523.7082,  117.9177,  754.9969,  348.0345,    0.9655])
toto tensor([ 274.4738,   90.9723,  674.2183,  245.5183,    0.5185])
toto tensor([ 513.1787,  100.3770,  682.0145,  262.9481,    0.5123])
toto tensor([ 531.6713,   97.9796,  665.0260,  195.1125,    0.2354])
toto tensor([ 472.4246,  108.2963,  635.1490,  324.1515,    0.2013])
toto tensor([ 603.7153,  107.0373,  740.4296,  283.8212,    0.1972])
toto tensor([ 633.3658,  125.7177,  703.4843,  216.8509,    0.1373])
toto tensor([ 597.1414,   98.3671,  662.6206,  170.6030,    0.1134])
toto tensor([ 542.2734,  120.1890,  699.2747,  215.8930,    0.0936])
toto tensor([ 178.2860,   70.5275,  702.1931,  348.7328,    0.9967])
toto tensor([ 494.2941,  103.0390,  749.1242,  364.0331,    0.9631])
toto tensor([ 354.9167,   81.3036,  642.1067,  291.0545,    0.4168])
toto tensor([ 461.7488,  104.0513,  658.2126,  326.3543,    0.3079])
toto tensor([ 503.6714,   96.9955,  695.1851,  267.9462,    0.2611])
toto tensor([ 242.0098,   61.5573,  554.5358,  306.7690,    0.2265])
toto tensor([ 503.4316,   99.3588,  662.3721,  199.5152,    0.0888])
toto tensor([ 166.5705,   66.9815,  707.0240,  359.3088,    0.9961])
toto tensor([ 482.9457,  107.3716,  740.7612,  333.0440,    0.8546])
toto tensor([ 173.0829,   53.1228,  465.2084,  318.4401,    0.6777])
toto tensor([ 353.1324,   73.5074,  636.7253,  287.3098,    0.5834])
toto tensor([ 497.3512,   92.5445,  670.6882,  239.1337,    0.3064])
toto tensor([ 377.6229,  109.1089,  741.5669,  436.5245,    0.3063])
toto tensor([ 575.5901,  102.2950,  730.4814,  292.1353,    0.2543])
toto tensor([ 448.2243,   93.1031,  631.3082,  399.5700,    0.2452])
toto tensor([ 518.5524,   98.7724,  646.3599,  196.9849,    0.0807])
toto tensor([ 582.1631,   97.3259,  655.9744,  167.4743,    0.0516])
toto tensor([ 141.2587,   88.0211,  684.6788,  345.1768,    0.9954])
toto tensor([ 357.0197,  106.3432,  722.4545,  382.1667,    0.8036])
toto tensor([ 495.3985,  117.9799,  721.3392,  314.5696,    0.7351])
toto tensor([ 305.8543,   74.8478,  624.8789,  257.7544,    0.6323])
toto tensor([ 500.0942,   91.4652,  665.2966,  215.9431,    0.6246])
toto tensor([ 643.7971,  139.5116,  670.9531,  211.3743,    0.2650])
toto tensor([ 262.3170,  129.3383,  666.0019,  290.8420,    0.2255])
toto tensor([ 536.6955,   95.2292,  647.2779,  183.0671,    0.1869])
toto tensor([ 582.4914,   96.6507,  645.2670,  160.2646,    0.1382])
toto tensor([ 329.9445,   68.5856,  393.0078,  220.9113,    0.1380])
toto tensor([ 586.5095,  107.2931,  679.0326,  225.3973,    0.1246])
toto tensor([ 635.4816,  129.6874,  679.0884,  222.7514,    0.1050])
toto tensor([ 340.9233,   75.1936,  493.4724,  216.6508,    0.1050])
toto tensor([ 202.8618,   78.8549,  493.2853,  283.3501,    0.0982])
toto tensor([ 139.8922,   65.0120,  654.2227,  384.7657,    0.9954])
toto tensor([ 535.8307,  138.0741,  733.3215,  334.9492,    0.8611])
toto tensor([ 303.1410,   89.9231,  734.5533,  441.4865,    0.6849])
toto tensor([ 303.6555,   76.8362,  628.6982,  259.0856,    0.2522])
toto tensor([ 606.3439,  148.8431,  667.2842,  211.1808,    0.1375])
toto tensor([ 408.8085,  100.3194,  613.3268,  420.0216,    0.1274])
toto tensor([ 595.9000,  149.8055,  716.4576,  302.2510,    0.1080])
toto tensor([ 473.0751,   91.4158,  634.2744,  259.5621,    0.0822])
toto tensor([ 467.5818,   96.8871,  765.1626,  366.6865,    0.0734])
toto tensor([ 121.9752,  180.3398,  569.1318,  464.6581,    0.0571])
toto tensor([ 586.9539,  145.1678,  661.4024,  235.7961,    0.0545])
toto tensor([ 143.6704,   78.4851,  673.3502,  358.2285,    0.9908])
toto tensor([ 357.9566,   86.4978,  731.2910,  436.6646,    0.9554])
toto tensor([ 258.8124,   81.1761,  582.0137,  268.2594,    0.5442])
toto tensor([ 495.0442,  125.7234,  743.8835,  372.1815,    0.5390])
toto tensor([ 452.9086,   95.3604,  659.5614,  354.6636,    0.4814])
toto tensor([ 478.5265,   85.8419,  626.6189,  218.9408,    0.1661])
toto tensor([ 117.2034,  184.5970,  574.7023,  470.5140,    0.0768])
toto tensor([ 187.0044,  109.8012,  501.6252,  313.7397,    0.0661])
toto tensor([ 149.2311,   76.2036,  606.9878,  348.4714,    0.9905])
toto tensor([ 426.6396,   89.4021,  684.3642,  466.7576,    0.9133])
toto tensor([ 492.2276,   85.8310,  628.8947,  228.4098,    0.4339])
toto tensor([ 486.3137,   91.4059,  683.2596,  297.0859,    0.3995])
toto tensor([ 250.6251,   89.1817,  580.1829,  263.8638,    0.2991])
toto tensor([ 416.9109,  107.8384,  644.9111,  328.5756,    0.1998])
toto tensor([ 541.4408,  112.0776,  739.0449,  349.4954,    0.1896])
toto tensor([ 462.1110,  115.5200,  601.1794,  445.0090,    0.1849])
toto tensor([ 487.3387,  150.4061,  669.6491,  381.0971,    0.1004])
toto tensor([ 159.5195,  205.0725,  590.2327,  479.0000,    0.0684])
toto tensor([ 484.6927,  103.0912,  578.7032,  212.0346,    0.0659])
toto tensor([ 149.3782,   75.3752,  609.0122,  349.9224,    0.9912])
toto tensor([ 475.7077,  105.5279,  646.3412,  463.2643,    0.9685])
toto tensor([ 328.1600,   86.7379,  684.2941,  410.8089,    0.7158])
toto tensor([ 283.3307,   99.8895,  644.1951,  230.9709,    0.2991])
toto tensor([ 491.8234,   88.4280,  656.3523,  260.4674,    0.2926])
toto tensor([ 536.0050,  108.2775,  736.4324,  351.2224,    0.2585])
toto tensor([ 454.1851,  111.0174,  779.7203,  429.4601,    0.1447])
toto tensor([ 438.1996,   93.1831,  577.8016,  422.1974,    0.0883])
toto tensor([ 158.2872,  210.9176,  592.2775,  479.0000,    0.0819])
toto tensor([ 491.9108,  152.9007,  673.7506,  322.1453,    0.0514])
toto tensor([ 142.3011,   79.2011,  618.1702,  334.6696,    0.9884])
toto tensor([ 435.7639,   93.2559,  682.4317,  474.0675,    0.9664])
toto tensor([ 248.8389,   89.8111,  574.7728,  258.4904,    0.4101])
toto tensor([ 443.7233,   87.6541,  636.7814,  306.1083,    0.1534])
toto tensor([ 483.3374,  101.3145,  705.8453,  347.0579,    0.1323])
toto tensor([ 128.0580,  165.6169,  705.2419,  448.9285,    0.0819])
toto tensor([ 156.4978,  123.9889,  413.6359,  290.9434,    0.0817])
toto tensor([ 472.2328,   83.4706,  618.2661,  221.9868,    0.0783])
toto tensor([ 139.8761,   77.7395,  629.2300,  337.4917,    0.9869])
toto tensor([ 473.6695,  100.6932,  647.0939,  466.9536,    0.9776])
toto tensor([ 379.3362,   88.2098,  689.2498,  408.7872,    0.6114])
toto tensor([ 247.2411,   88.7507,  590.7134,  255.2960,    0.4115])
toto tensor([ 441.0690,   87.4688,  633.6096,  296.4862,    0.1612])
toto tensor([ 178.8347,  129.4681,  481.1168,  285.0929,    0.1327])
toto tensor([ 469.4398,   82.9355,  623.5999,  217.5192,    0.0856])
toto tensor([ 126.9991,  165.8708,  703.5437,  455.5701,    0.0819])
toto tensor([ 447.2863,  140.4442,  787.0021,  470.4030,    0.0511])
toto tensor([ 136.2777,   87.5414,  636.8281,  338.8589,    0.9879])
toto tensor([ 447.6843,  106.1342,  674.8884,  466.3374,    0.9499])
toto tensor([ 233.1021,   85.6701,  621.7676,  237.0012,    0.7508])
toto tensor([ 183.5948,  102.2001,  494.9208,  276.9644,    0.3075])
toto tensor([ 438.3000,   83.3136,  617.3920,  223.8803,    0.2295])
toto tensor([ 139.0228,  161.9372,  672.1699,  472.4632,    0.1006])
toto tensor([ 162.7184,  169.6226,  528.3986,  301.0261,    0.1004])
toto tensor([ 390.3962,  107.8744,  648.2579,  283.1421,    0.0665])
toto tensor([ 132.5943,   77.7193,  651.5602,  365.0274,    0.9835])
toto tensor([ 469.0885,  111.5748,  649.1495,  461.8686,    0.9717])
toto tensor([ 277.6110,  102.5949,  641.5128,  226.3517,    0.7508])
toto tensor([ 349.1236,   99.2368,  685.8719,  426.0782,    0.7225])
toto tensor([ 154.0161,  135.5494,  504.5094,  297.3165,    0.3052])
toto tensor([ 163.2112,  114.8818,  390.1159,  265.8582,    0.1546])
toto tensor([ 409.4872,   90.8451,  616.1599,  328.8664,    0.1340])
toto tensor([ 126.2720,  164.9140,  699.0527,  453.4097,    0.1006])
toto tensor([ 134.7418,   81.7345,  633.7328,  325.9106,    0.9881])
toto tensor([ 440.8334,  105.9818,  669.0927,  467.3099,    0.9443])
toto tensor([ 272.9294,  105.3750,  641.4097,  225.3563,    0.7508])
toto tensor([ 151.0762,  124.0752,  440.1450,  290.1528,    0.2667])
toto tensor([ 569.3201,  158.0216,  745.9865,  407.3095,    0.1970])
toto tensor([ 297.8808,   86.8542,  734.8962,  444.9273,    0.1950])
toto tensor([ 447.5732,  107.3434,  626.7975,  309.3944,    0.1307])
toto tensor([ 142.8492,   81.7019,  627.3690,  326.4076,    0.9918])
toto tensor([ 436.0527,  105.1115,  665.0408,  464.6618,    0.9389])
toto tensor([ 241.2093,   88.1350,  616.0944,  239.6851,    0.8722])
toto tensor([ 127.0267,  157.7176,  696.6156,  447.3358,    0.1950])
toto tensor([ 452.0642,   83.3986,  617.6302,  219.2967,    0.1733])
toto tensor([ 156.7357,  114.2984,  453.2755,  296.2740,    0.1503])
toto tensor([ 445.1728,  107.9667,  626.9753,  289.9695,    0.1426])
toto tensor([ 573.7179,  169.9204,  749.6681,  411.8912,    0.0738])
toto tensor([ 139.5248,   87.0801,  623.7203,  336.4584,    0.9938])
toto tensor([ 330.7704,   99.7720,  659.0863,  460.9551,    0.9416])
toto tensor([ 239.7326,   86.9163,  627.5577,  238.2278,    0.8802])
toto tensor([ 464.3118,  140.8295,  668.7621,  447.2072,    0.7659])
toto tensor([ 153.1782,  114.3122,  439.8096,  291.1195,    0.1817])
toto tensor([ 366.6451,   93.1657,  619.9903,  323.6360,    0.1197])
toto tensor([ 573.2944,  182.1984,  750.0211,  408.7002,    0.0677])
toto tensor([ 202.2072,   98.3799,  416.4088,  237.1248,    0.0501])
toto tensor([ 135.2386,   83.8061,  621.7462,  320.0558,    0.9925])
toto tensor([ 350.5349,  104.1554,  655.1782,  458.2403,    0.9455])
toto tensor([ 126.0694,  153.1495,  694.6125,  441.9964,    0.9416])
toto tensor([ 241.3234,   86.4054,  631.5485,  233.1211,    0.9218])
toto tensor([ 467.1621,  140.8493,  683.6473,  447.7886,    0.7203])
toto tensor([ 203.2522,  100.4611,  484.0856,  262.2454,    0.1570])
toto tensor([ 572.0778,  156.7462,  744.0397,  405.0340,    0.1496])
toto tensor([ 367.7721,   92.8455,  616.5363,  309.1290,    0.1406])
toto tensor([ 147.1269,   99.6657,  398.6949,  302.9714,    0.1174])
toto tensor([ 134.9462,   81.6219,  660.2313,  326.9780,    0.9892])
toto tensor([ 129.6215,  149.6161,  694.1302,  444.5686,    0.9416])
toto tensor([ 262.9609,  101.4052,  646.9539,  224.7616,    0.9218])
toto tensor([ 425.6537,   82.9973,  613.1652,  215.3415,    0.4388])
toto tensor([ 461.9072,  103.8852,  638.0602,  344.8296,    0.4002])
toto tensor([ 157.7454,  111.2988,  428.0409,  291.2670,    0.1214])
toto tensor([ 579.6040,  163.1108,  738.6906,  424.2589,    0.0569])
toto tensor([ 139.5106,   91.5416,  671.1976,  340.2172,    0.9892])
toto tensor([ 436.2021,  113.9930,  711.2097,  430.6891,    0.9348])
toto tensor([ 264.8723,   93.2522,  646.8242,  227.1180,    0.9218])
toto tensor([ 442.6203,   83.4203,  617.2337,  217.7443,    0.6550])
toto tensor([ 465.0909,  107.0629,  644.4957,  336.8199,    0.5228])
toto tensor([ 164.5596,  106.9757,  489.2189,  285.6913,    0.2490])
toto tensor([ 128.8238,  147.1707,  705.9813,  417.3831,    0.9892])
toto tensor([ 263.6802,   93.8514,  646.6159,  228.5912,    0.9218])
toto tensor([ 457.5259,  135.4366,  715.3270,  430.3199,    0.9098])
toto tensor([ 445.8141,   81.8905,  615.0349,  215.1595,    0.6880])
toto tensor([ 465.4168,  110.6911,  643.4130,  335.7325,    0.5167])
toto tensor([ 152.4386,   90.1104,  476.3929,  298.3777,    0.2013])
toto tensor([ 141.2300,   86.5527,  659.6636,  327.1828,    0.9898])
toto tensor([ 443.8338,  136.7987,  732.0800,  413.1779,    0.9831])
toto tensor([ 266.0442,   89.5251,  647.7868,  227.8307,    0.9218])
toto tensor([ 467.6139,   80.7673,  618.0110,  211.5829,    0.8275])
toto tensor([ 197.2890,   83.0787,  507.1994,  285.1129,    0.4884])
toto tensor([ 473.5729,  103.8613,  650.0274,  334.0660,    0.3473])
toto tensor([ 630.3060,  183.2557,  652.0702,  206.5112,    0.2811])
toto tensor([ 329.5181,  129.6255,  655.5248,  303.5194,    0.2130])
toto tensor([ 492.3634,  122.9499,  637.4124,  234.1552,    0.0664])
toto tensor([ 125.9664,  141.8665,  721.8141,  396.3563,    0.9898])
toto tensor([ 451.4456,  140.0790,  729.0683,  405.0120,    0.9263])
toto tensor([ 265.2515,   89.7914,  647.0027,  235.4182,    0.9218])
toto tensor([ 456.2751,   79.9795,  621.2556,  221.3615,    0.7613])
toto tensor([ 628.8315,  180.9519,  652.2986,  206.0227,    0.6679])
toto tensor([ 467.8300,  106.3646,  658.0689,  332.6144,    0.5181])
toto tensor([ 178.6022,   99.8078,  483.9717,  285.6145,    0.3778])
toto tensor([ 557.0831,  167.5006,  721.4023,  389.3658,    0.1198])
toto tensor([ 500.3705,  132.9692,  639.9840,  236.2190,    0.0634])
toto tensor([ 148.6142,   82.3426,  645.3114,  310.1732,    0.9898])
toto tensor([ 126.2561,  140.4608,  727.5557,  389.8690,    0.9898])
toto tensor([ 459.3583,  143.6902,  723.0714,  395.6094,    0.9535])
toto tensor([ 264.4758,   88.4808,  647.0614,  234.5781,    0.9218])
toto tensor([ 628.8599,  178.9125,  649.7595,  204.2899,    0.6877])
toto tensor([ 474.9753,  101.8765,  630.7365,  253.3322,    0.5132])
toto tensor([ 444.1800,   82.3888,  616.5618,  204.9992,    0.3862])
toto tensor([ 169.5543,   99.3750,  407.1840,  275.4404,    0.2796])
toto tensor([ 480.1329,  147.8068,  650.6708,  313.2077,    0.2776])
toto tensor([ 148.7962,  155.2113,  501.3230,  301.4077,    0.1473])
toto tensor([ 509.2272,  134.9413,  638.3912,  228.0060,    0.0647])
toto tensor([ 125.4263,  140.6313,  724.4881,  388.8236,    0.9898])
toto tensor([ 449.2921,  142.8861,  728.0825,  401.3889,    0.9664])
toto tensor([ 263.3876,   86.3083,  646.1930,  234.7807,    0.9218])
toto tensor([ 628.0331,  178.2384,  649.4357,  203.4294,    0.7320])
toto tensor([ 461.4527,  110.8801,  661.0396,  336.0273,    0.6554])
toto tensor([ 183.8646,  102.2689,  483.6003,  290.6574,    0.6206])
toto tensor([ 435.3382,   79.3219,  617.8433,  221.7974,    0.5931])
toto tensor([ 562.5118,  171.1737,  720.5262,  383.0275,    0.1269])
toto tensor([ 305.0098,  138.2888,  651.5968,  302.0535,    0.1120])
toto tensor([ 488.8251,  118.3681,  626.7077,  214.8306,    0.0930])
toto tensor([ 239.1555,   78.6772,  412.7591,  209.9226,    0.0593])
toto tensor([ 621.7570,  178.7549,  658.1503,  244.3555,    0.0514])
toto tensor([ 122.0800,  137.5343,  726.6524,  390.1339,    0.9898])
toto tensor([ 449.7501,   79.0685,  619.2897,  203.9246,    0.9440])
toto tensor([ 450.7063,  100.8590,  716.3134,  369.7243,    0.9234])
toto tensor([ 261.5083,   84.0589,  645.5310,  234.3393,    0.9218])
toto tensor([ 178.5805,   97.0263,  465.1951,  288.3880,    0.6090])
toto tensor([ 225.0083,   80.8564,  444.8246,  220.9659,    0.1498])
toto tensor([ 346.4052,  143.0185,  460.0041,  206.9506,    0.0830])
toto tensor([ 143.5879,   78.2610,  657.3566,  323.2428,    0.9910])
toto tensor([ 262.2697,   86.4157,  645.3325,  235.0612,    0.9218])
toto tensor([ 446.6626,  112.0983,  710.2893,  370.3999,    0.8991])
toto tensor([ 458.0108,   77.2014,  622.3976,  227.0401,    0.7328])
toto tensor([ 159.7666,   93.3629,  467.5602,  290.2810,    0.3949])
toto tensor([ 432.9513,  101.3906,  639.7775,  286.2646,    0.2987])
toto tensor([ 142.3435,   77.6051,  667.9734,  327.3369,    0.9922])
toto tensor([ 260.2272,   85.7392,  645.9575,  234.7072,    0.9218])
toto tensor([ 374.1486,  107.1485,  707.0929,  372.6260,    0.9189])
toto tensor([ 446.9799,   77.6758,  621.8834,  220.0824,    0.6341])
toto tensor([ 465.4993,   99.1609,  651.8459,  307.8343,    0.3722])
toto tensor([ 158.3680,   93.4768,  466.9540,  290.4138,    0.3097])
toto tensor([ 503.8690,  147.7006,  707.8643,  361.9532,    0.1311])
toto tensor([ 335.7531,  120.3014,  646.5476,  280.4857,    0.1298])
toto tensor([ 131.8572,   79.0124,  678.2549,  329.3849,    0.9924])
toto tensor([ 258.1445,   83.8354,  645.7051,  236.0543,    0.9218])
toto tensor([ 334.6242,  103.7021,  708.5459,  372.9402,    0.8911])
toto tensor([ 462.4840,  131.6030,  687.5496,  335.8826,    0.3090])
toto tensor([ 402.9717,   83.9519,  636.3409,  291.0252,    0.2727])
toto tensor([ 436.0826,   72.3726,  612.9697,  206.8966,    0.1965])
toto tensor([ 140.4158,   92.7109,  467.0424,  299.6954,    0.1374])
toto tensor([ 131.8755,   80.3613,  681.5072,  327.6939,    0.9931])
toto tensor([ 258.0662,   84.3902,  646.2046,  234.8920,    0.9218])
toto tensor([ 365.8148,  108.3446,  711.9142,  371.7960,    0.8990])
toto tensor([ 490.0370,  139.3647,  674.8593,  311.8188,    0.5046])
toto tensor([ 417.8633,   83.1145,  637.9386,  289.7068,    0.3672])
toto tensor([ 142.6707,   78.1960,  435.9979,  305.0782,    0.2747])
toto tensor([ 432.7593,   71.3560,  613.9720,  208.7011,    0.1938])
toto tensor([ 531.8194,  168.5766,  698.4963,  369.9244,    0.0923])
toto tensor([ 159.9847,  159.0977,  517.5197,  297.4428,    0.0698])
toto tensor([ 493.1580,  130.1547,  634.4584,  234.6020,    0.0594])
toto tensor([ 131.5782,   74.7068,  664.5889,  332.2571,    0.9961])
toto tensor([ 457.1643,  141.8516,  706.9186,  369.7070,    0.9581])
toto tensor([ 256.4675,   84.2263,  646.7758,  237.3551,    0.9218])
toto tensor([ 153.5656,   88.9005,  480.1788,  296.4201,    0.3439])
toto tensor([ 433.0084,  138.5624,  641.7318,  290.2088,    0.1807])
toto tensor([ 312.9139,   87.8407,  735.0322,  394.1921,    0.1439])
toto tensor([ 538.9471,  146.5349,  646.5725,  270.0593,    0.0587])
toto tensor([ 555.1210,  178.1095,  712.0156,  359.7751,    0.0584])
toto tensor([ 119.4319,  146.7840,  690.8885,  350.5681,    0.9961])
toto tensor([ 476.6251,  147.3252,  702.7293,  360.2444,    0.9472])
toto tensor([ 256.5206,   85.2408,  646.6632,  239.1329,    0.9218])
toto tensor([ 161.8376,   87.0375,  485.3105,  289.4160,    0.3079])
toto tensor([ 344.3809,  133.3892,  642.7572,  298.9344,    0.2245])
toto tensor([ 620.5825,  174.2187,  644.8913,  199.4612,    0.1053])
toto tensor([ 542.4062,  145.7069,  637.9929,  261.7955,    0.0843])
toto tensor([ 605.3077,  174.7098,  694.3444,  280.0115,    0.0823])
toto tensor([ 486.6922,  113.4593,  666.2469,  296.6396,    0.0611])
toto tensor([ 117.1806,  149.8407,  694.6874,  352.6017,    0.9961])
toto tensor([ 373.2080,   76.4818,  659.0040,  405.3286,    0.9432])
toto tensor([ 256.2225,   85.5179,  648.7951,  244.5346,    0.9218])
toto tensor([ 220.3175,   71.6255,  521.8069,  303.2859,    0.6750])
toto tensor([ 534.1035,  107.2141,  692.9190,  330.4492,    0.3861])
toto tensor([ 563.3884,  147.2415,  662.0996,  284.5796,    0.0571])
toto tensor([ 118.0671,  144.5346,  682.2510,  439.2733,    0.9961])
toto tensor([ 349.2148,   81.3806,  674.3732,  415.0361,    0.9439])
toto tensor([ 256.7771,   86.1666,  646.7190,  255.1428,    0.9218])
toto tensor([ 514.7281,   82.2772,  695.4506,  359.4733,    0.6017])
toto tensor([ 155.6109,   95.4665,  471.5252,  282.1504,    0.3575])
toto tensor([ 527.2278,   83.0041,  552.0853,  123.9912,    0.1025])
toto tensor([ 432.8699,  110.3576,  614.5063,  403.5447,    0.0994])
toto tensor([ 116.5871,  143.2669,  685.0656,  429.0821,    0.9961])
toto tensor([ 428.3380,   78.5349,  624.1668,  425.4327,    0.9269])
toto tensor([ 255.4691,   86.5372,  645.6127,  253.7108,    0.9218])
toto tensor([ 508.2186,   80.3577,  695.7211,  361.6111,    0.6640])
toto tensor([ 138.8819,  129.8666,  464.1117,  297.6395,    0.1377])
toto tensor([ 114.2896,  147.5940,  688.4758,  427.8346,    0.9961])
toto tensor([ 435.3085,   78.6131,  623.2916,  426.0621,    0.9586])
toto tensor([ 255.7534,   87.6017,  645.5886,  254.6503,    0.9218])
toto tensor([ 506.8382,   78.9349,  696.2010,  357.3334,    0.7371])
toto tensor([ 153.4411,   96.6807,  469.0002,  282.8650,    0.3817])
toto tensor([ 332.3270,   72.2018,  710.4199,  419.5373,    0.0591])
toto tensor([ 113.3885,  155.6855,  686.4899,  424.6213,    0.9961])
toto tensor([ 255.7844,   90.2043,  645.8509,  261.1233,    0.9218])
toto tensor([ 396.8040,   78.2653,  623.8185,  420.3885,    0.7182])
toto tensor([ 522.9036,   85.1761,  689.6397,  331.1347,    0.5800])
toto tensor([ 153.2237,   94.6772,  482.1831,  292.3753,    0.5242])
toto tensor([ 112.4752,  156.7314,  688.6541,  420.7070,    0.9961])
toto tensor([ 255.5516,   91.5322,  651.0007,  269.2833,    0.9218])
toto tensor([ 336.5167,   88.0757,  619.7996,  433.7760,    0.7236])
toto tensor([ 501.8248,   90.3494,  687.4488,  326.6471,    0.3539])
toto tensor([ 153.5082,   88.9890,  482.3774,  281.6734,    0.2442])
toto tensor([ 527.4013,   96.0338,  546.8234,  131.7052,    0.1975])
toto tensor([ 548.4870,  146.2728,  644.9780,  295.8795,    0.0657])
toto tensor([ 110.9940,  154.6503,  688.8762,  419.3014,    0.9961])
toto tensor([ 252.9552,   93.3432,  651.9636,  269.6476,    0.9218])
toto tensor([ 326.9648,   81.9592,  614.3438,  427.1609,    0.5804])
toto tensor([ 494.8697,   85.8957,  684.0670,  336.6345,    0.3015])
toto tensor([ 151.8968,   89.0336,  480.5318,  283.0746,    0.2929])
toto tensor([ 129.6323,   88.1720,  642.0215,  348.1447,    0.9595])
toto tensor([ 335.9246,   90.6500,  694.3909,  405.5644,    0.9460])
toto tensor([ 146.9869,   94.0445,  479.4149,  288.1581,    0.8040])
toto tensor([ 239.1839,   90.8713,  617.9318,  232.1612,    0.1703])
toto tensor([ 112.0614,  161.9078,  530.1377,  464.5433,    0.1490])
toto tensor([ 430.3463,   87.0574,  635.4028,  346.7831,    0.0726])
toto tensor([ 123.4387,  109.6096,  569.2050,  323.6793,    0.9732])
toto tensor([ 362.9478,  108.6088,  703.8627,  432.9945,    0.9582])
toto tensor([ 506.5480,  106.1951,  707.8763,  351.1266,    0.8556])
toto tensor([ 422.4667,  105.8970,  592.8682,  459.1442,    0.8344])
toto tensor([ 190.5917,   96.9125,  626.7570,  452.3659,    0.1285])
toto tensor([ 155.3853,  118.4788,  459.6683,  272.2578,    0.0701])
toto tensor([ 125.8241,  110.1269,  604.1406,  331.6449,    0.9712])
toto tensor([ 372.8085,  114.8166,  682.5182,  417.1261,    0.9468])
toto tensor([ 508.7996,  116.8984,  703.1688,  352.0417,    0.8089])
toto tensor([ 155.6916,  124.8355,  481.1508,  270.7198,    0.5337])
toto tensor([ 263.0175,  113.1730,  594.2261,  216.1620,    0.4525])
toto tensor([ 275.6050,  132.9161,  453.2961,  212.5550,    0.1778])
toto tensor([ 353.3414,  111.3372,  572.4681,  310.0209,    0.0900])
toto tensor([ 550.5344,  113.1104,  609.8310,  159.4338,    0.0838])
toto tensor([ 411.9682,  110.3643,  636.6111,  233.1017,    0.0693])
toto tensor([ 502.0588,  113.4086,  608.4512,  177.3662,    0.0528])
toto tensor([  59.8415,    0.0000,  552.9383,  361.7674,    0.0521])
toto tensor([ 443.7050,  125.0915,  700.4690,  401.2814,    0.9806])
toto tensor([ 131.6844,  126.8509,  493.0278,  295.3666,    0.9758])
toto tensor([ 134.7874,  118.8193,  685.2502,  352.8927,    0.9690])
toto tensor([ 199.1595,  115.0114,  604.7783,  248.0286,    0.3925])
toto tensor([ 398.9958,  113.5148,  601.6630,  411.8749,    0.3197])
toto tensor([ 529.4728,  114.5280,  698.8568,  333.6360,    0.2448])
toto tensor([ 438.1899,  117.4016,  609.2950,  203.4263,    0.2246])
toto tensor([ 288.6451,  131.5607,  458.5086,  218.8694,    0.1093])
toto tensor([ 435.5681,  116.3428,  661.1826,  256.0692,    0.0885])
toto tensor([ 438.2553,  122.2564,  706.5211,  391.0982,    0.9896])
toto tensor([ 128.3587,  108.3634,  548.5247,  321.1898,    0.9819])
toto tensor([ 208.1828,  109.1906,  461.1443,  283.9064,    0.2052])
toto tensor([ 189.5278,   98.6094,  674.2615,  387.9252,    0.1108])
toto tensor([ 221.3142,  117.7064,  532.1511,  221.7885,    0.0892])
toto tensor([ 423.4088,  146.8568,  611.1701,  362.9635,    0.0708])
toto tensor([ 443.0523,  123.2910,  566.6082,  206.0929,    0.0502])
toto tensor([ 451.9442,  121.7636,  709.8073,  388.2909,    0.9914])
toto tensor([ 139.2055,  106.2498,  479.6389,  296.1676,    0.9803])
toto tensor([ 159.2848,  111.5363,  678.3651,  357.6273,    0.8979])
toto tensor([ 418.9368,  142.8674,  629.9337,  354.7473,    0.3200])
toto tensor([ 437.1330,  118.0591,  596.4177,  221.4204,    0.2555])
toto tensor([ 249.8201,  106.4881,  593.4106,  219.0605,    0.1481])
toto tensor([ 442.6656,  131.9841,  556.9606,  202.5119,    0.1149])
toto tensor([ 410.7278,  123.2495,  582.9308,  284.4199,    0.0639])
toto tensor([ 427.9650,  117.1265,  672.9752,  255.0326,    0.0523])
toto tensor([ 438.4377,  114.4022,  707.1934,  381.2864,    0.9900])
toto tensor([ 155.3795,  112.9271,  684.3654,  344.8374,    0.9514])
toto tensor([ 148.7796,  105.5098,  474.9228,  287.8123,    0.8890])
toto tensor([ 180.8631,  106.2706,  569.7054,  222.3567,    0.3917])
toto tensor([ 518.4073,  110.5682,  694.6283,  315.8017,    0.3032])
toto tensor([ 421.5466,  120.4781,  586.1330,  336.0792,    0.2656])
toto tensor([ 460.6381,  116.8571,  569.5303,  200.7572,    0.1931])
toto tensor([ 522.6373,  113.4927,  564.4366,  161.4984,    0.1037])
toto tensor([ 337.0712,  109.8128,  639.7744,  222.6176,    0.0990])
toto tensor([ 309.0850,  108.6100,  563.0881,  295.7807,    0.0819])
toto tensor([ 332.9977,  132.8308,  461.3002,  199.4309,    0.0736])
toto tensor([ 530.1782,  192.7802,  705.9097,  365.0349,    0.0541])
toto tensor([ 435.4726,  141.1868,  543.2070,  200.6350,    0.0512])
toto tensor([ 164.4653,  110.8819,  687.8875,  343.4935,    0.9734])
toto tensor([ 390.2154,  129.0964,  701.9083,  367.0667,    0.9257])
toto tensor([ 522.4166,  112.9437,  697.2610,  335.7037,    0.6261])
toto tensor([ 156.2383,  101.7407,  522.8025,  282.4760,    0.5836])
toto tensor([ 243.3912,  106.2067,  546.9948,  211.8977,    0.4347])
toto tensor([ 320.0870,  123.8845,  577.0658,  322.5243,    0.2654])
toto tensor([ 370.4608,  113.6878,  561.6668,  206.4084,    0.2164])
toto tensor([ 435.8626,  131.4678,  557.2019,  199.6589,    0.1660])
toto tensor([ 456.0714,  113.8711,  670.5517,  229.0499,    0.1273])
toto tensor([ 347.3312,  133.4381,  464.8206,  196.1468,    0.1010])
toto tensor([ 528.8658,  111.9222,  564.3229,  161.1983,    0.0866])
toto tensor([ 479.5114,  199.6548,  700.8317,  366.1182,    0.0525])