	 85.1 	 83.7 	 77.9 	 68.9 	 73.6 	 71.6 	 65.5 	 75.9 		 38.4 	 42.6 	 16.0 	  2.9 	 28.2 	 20.5 	 -2.1 	 22.1 	 84.1 	 59.7 	 82.9 	
	 84.7 	 83.2 	 77.4 	 68.2 	 73.0 	 70.9 	 64.9 	 75.3		 49.9 	 52.9 	 33.0 	 23.4 	 40.3 	 37.6 	 21.1 	 37.7 	 84.3 	 67.2 	 81.6	
	 83.9 	 82.2 	 76.4 	 66.6 	 71.7 	 69.4 	 63.4 	 74.1 		 57.6 	 60.0 	 45.1 	 37.0 	 48.8 	 46.9 	 33.9 	 47.7 	 84.5 	 73.8 	 79.4 	
	 82.3 	 80.5 	 74.4 	 64.1 	 69.7 	 67.3 	 60.9 	 72.1		 64.2 	 64.6 	 52.7 	 45.0 	 54.1 	 52.1 	 41.1 	 54.1 	 84.8 	 79.8 	 76.4	
	 80.0 	 77.7 	 71.1 	 60.4 	 66.3 	 64.2 	 57.7 	 69.0		 67.2 	 66.5 	 56.9 	 48.8 	 56.1 	 54.5 	 44.6 	 57.1 	 85.2 	 85.0 	 72.4	
	 76.5 	 73.3 	 66.3 	 55.3 	 60.1 	 59.4 	 53.4 	 64.4 		 67.7 	 66.1 	 57.7 	 49.0 	 53.7 	 53.5 	 45.1 	 56.9 	 85.6 	 89.4 	 67.0 	
	 68.7 	 65.1 	 58.3 	 48.0 	 48.0 	 52.3 	 47.3 	 56.2		 63.3 	 60.9 	 53.9 	 45.1 	 44.8 	 49.1 	 43.1 	 52.3 	 86.3 	 93.5 	 58.0	
	 85.1 	 83.7 	 77.9 	 69.0 	 73.4 	 71.5 	 65.4 	 75.8		 41.6 	 45.3 	 18.8 	  5.4 	 30.3 	 22.5 	  0.2 	 24.7 	 84.1 	 60.8 	 82.7	
	 84.7 	 83.2 	 77.4 	 68.2 	 72.9 	 70.8 	 64.8 	 75.2		 51.7 	 54.4 	 34.2 	 24.5 	 41.0 	 38.4 	 21.9 	 38.9 	 84.3 	 67.8 	 81.5	
	 83.9 	 82.2 	 76.4 	 66.6 	 71.7 	 69.4 	 63.3 	 74.1		 58.3 	 60.5 	 45.4 	 37.4 	 48.9 	 47.1 	 34.1 	 48.1 	 84.5 	 74.0 	 79.4	
	 82.3 	 80.5 	 74.4 	 64.1 	 69.7 	 67.3 	 60.9 	 72.1		 64.4 	 64.8 	 52.8 	 45.1 	 54.2 	 52.2 	 41.2 	 54.2 	 84.8 	 79.8 	 76.4	
	 80.0 	 77.7 	 71.1 	 60.4 	 66.3 	 64.2 	 57.7 	 69.0		 67.4 	 66.6 	 57.0 	 48.9 	 56.2 	 54.6 	 44.7 	 57.2 	 85.2 	 85.0 	 72.4	
	 76.5 	 73.3 	 66.3 	 55.3 	 60.1 	 59.4 	 53.4 	 64.4		 67.8 	 66.1 	 57.7 	 49.0 	 53.8 	 53.6 	 45.1 	 56.9 	 85.6 	 89.4 	 67.0	
	 68.7 	 65.1 	 58.3 	 48.0 	 48.0 	 52.3 	 47.3 	 56.2		 63.4 	 61.0 	 54.0 	 45.1 	 44.9 	 49.2 	 43.2 	 52.3 	 86.3 	 93.5 	 58.0	
	 85.0 	 83.6 	 77.9 	 68.9 	 73.3 	 71.4 	 65.2 	 75.7		 48.0 	 50.6 	 24.3 	 10.3 	 34.8 	 26.5 	  4.6 	 29.8 	 84.2 	 63.1 	 82.2	
	 84.6 	 83.0 	 77.3 	 68.1 	 72.8 	 70.7 	 64.7 	 75.1		 55.7 	 57.6 	 36.8 	 26.5 	 43.1 	 40.2 	 23.6 	 41.5 	 84.3 	 69.3 	 81.2	
	 83.7 	 82.1 	 76.3 	 66.6 	 71.6 	 69.4 	 63.3 	 74.0		 60.6 	 62.1 	 46.4 	 38.3 	 49.6 	 47.9 	 34.8 	 49.3 	 84.5 	 74.8 	 79.2	
	 82.3 	 80.5 	 74.4 	 64.1 	 69.7 	 67.3 	 60.9 	 72.0		 64.9 	 65.1 	 53.1 	 45.4 	 54.3 	 52.4 	 41.4 	 54.5 	 84.8 	 79.9 	 76.4	
	 80.0 	 77.7 	 71.1 	 60.4 	 66.3 	 64.2 	 57.7 	 69.0		 67.6 	 66.8 	 57.1 	 49.0 	 56.3 	 54.7 	 44.7 	 57.3 	 85.2 	 85.0 	 72.4	
	 76.5 	 73.3 	 66.3 	 55.3 	 60.1 	 59.4 	 53.4 	 64.4		 68.0 	 66.3 	 57.8 	 49.0 	 53.8 	 53.7 	 45.2 	 57.0 	 85.6 	 89.4 	 67.0	
	 68.7 	 65.1 	 58.3 	 48.0 	 48.0 	 52.3 	 47.3 	 56.2		 63.6 	 61.1 	 54.0 	 45.1 	 44.9 	 49.2 	 43.2 	 52.4 	 86.3 	 93.5 	 58.0	
	 84.7 	 83.2 	 77.7 	 68.9 	 72.9 	 71.2 	 65.0 	 75.5		 53.1 	 54.6 	 29.0 	 14.8 	 38.4 	 30.2 	  8.8 	 34.0 	 84.2 	 65.3 	 81.7	
	 84.3 	 82.7 	 77.1 	 68.1 	 72.5 	 70.5 	 64.5 	 74.9		 59.1 	 60.1 	 39.3 	 28.6 	 45.1 	 42.0 	 25.5 	 43.9 	 84.3 	 70.8 	 80.7	
	 83.5 	 81.8 	 76.2 	 66.5 	 71.4 	 69.2 	 63.2 	 73.8		 62.9 	 63.6 	 47.6 	 39.4 	 50.4 	 48.8 	 35.7 	 50.6 	 84.5 	 75.7 	 78.9	
	 82.1 	 80.3 	 74.3 	 64.1 	 69.6 	 67.3 	 60.9 	 72.0		 66.0 	 65.7 	 53.6 	 45.9 	 54.5 	 52.7 	 41.8 	 55.1 	 84.8 	 80.4 	 76.2	
	 80.0 	 77.7 	 71.1 	 60.4 	 66.3 	 64.2 	 57.7 	 69.0		 67.8 	 66.9 	 57.2 	 49.1 	 56.3 	 54.7 	 44.8 	 57.4 	 85.2 	 85.0 	 72.4	
	 76.5 	 73.3 	 66.3 	 55.3 	 60.1 	 59.4 	 53.4 	 64.4		 68.1 	 66.4 	 57.9 	 49.1 	 53.9 	 53.7 	 45.3 	 57.1 	 85.6 	 89.4 	 67.0	
	 68.7 	 65.1 	 58.3 	 48.0 	 48.0 	 52.3 	 47.3 	 56.2		 63.7 	 61.2 	 54.1 	 45.2 	 45.0 	 49.3 	 43.3 	 52.5 	 86.3 	 93.5 	 58.0	
	 84.0 	 82.6 	 77.4 	 68.7 	 72.4 	 70.8 	 64.7 	 75.0		 57.3 	 58.3 	 33.7 	 19.6 	 41.7 	 33.5 	 12.9 	 38.1 	 84.2 	 67.6 	 80.8	
	 83.6 	 82.1 	 76.9 	 67.9 	 72.0 	 70.2 	 64.2 	 74.5		 61.9 	 62.5 	 41.9 	 31.0 	 46.9 	 43.7 	 27.4 	 46.2 	 84.3 	 72.4 	 80.0	
	 82.8 	 81.2 	 75.9 	 66.4 	 71.0 	 69.0 	 62.9 	 73.4		 64.9 	 65.1 	 48.9 	 40.6 	 51.2 	 49.7 	 36.5 	 51.9 	 84.5 	 76.9 	 78.4	
	 81.6 	 79.9 	 74.1 	 63.9 	 69.4 	 67.1 	 60.7 	 71.7		 67.2 	 66.6 	 54.1 	 46.5 	 54.7 	 53.2 	 42.1 	 55.7 	 84.8 	 81.1 	 75.9	
	 79.7 	 77.5 	 71.0 	 60.3 	 66.2 	 64.1 	 57.6 	 68.9		 68.3 	 67.3 	 57.5 	 49.3 	 56.5 	 54.9 	 44.9 	 57.7 	 85.2 	 85.4 	 72.3	
	 76.4 	 73.3 	 66.3 	 55.3 	 60.1 	 59.4 	 53.4 	 64.3		 68.1 	 66.4 	 58.0 	 49.2 	 53.9 	 53.8 	 45.3 	 57.2 	 85.6 	 89.4 	 66.9	
	 68.7 	 65.1 	 58.3 	 48.0 	 48.0 	 52.3 	 47.3 	 56.2		 63.7 	 61.3 	 54.1 	 45.2 	 45.0 	 49.3 	 43.3 	 52.5 	 86.3 	 93.5 	 58.0	
	 82.5 	 81.3 	 76.6 	 68.1 	 71.6 	 70.1 	 64.2 	 74.1		 60.1 	 60.7 	 37.8 	 23.4 	 44.7 	 36.5 	 17.1 	 41.4 	 84.3 	 69.9 	 79.4	
	 82.2 	 80.9 	 76.2 	 67.4 	 71.3 	 69.6 	 63.7 	 73.7		 63.7 	 64.0 	 44.3 	 33.1 	 48.8 	 45.3 	 29.6 	 48.1 	 84.4 	 74.2 	 78.7	
	 81.6 	 80.2 	 75.2 	 65.9 	 70.4 	 68.5 	 62.5 	 72.7		 66.1 	 66.0 	 50.3 	 41.6 	 52.1 	 50.4 	 37.5 	 52.9 	 84.6 	 78.3 	 77.3	
	 80.5 	 79.0 	 73.5 	 63.6 	 68.9 	 66.7 	 60.4 	 71.1		 67.9 	 67.1 	 54.8 	 47.0 	 55.0 	 53.5 	 42.6 	 56.2 	 84.8 	 82.2 	 75.0	
	 78.8 	 76.7 	 70.6 	 60.0 	 66.0 	 63.9 	 57.4 	 68.4		 68.6 	 67.5 	 57.6 	 49.6 	 56.3 	 55.0 	 45.1 	 57.9 	 85.2 	 86.1 	 71.7	
	 75.9 	 72.9 	 66.2 	 55.2 	 60.1 	 59.3 	 53.4 	 64.1		 68.0 	 66.3 	 58.0 	 49.2 	 53.8 	 53.7 	 45.3 	 57.1 	 85.6 	 89.8 	 66.7	
	 68.6 	 65.1 	 58.3 	 47.9 	 48.0 	 52.3 	 47.3 	 56.2		 63.6 	 61.1 	 54.0 	 45.1 	 44.9 	 49.2 	 43.2 	 52.4 	 86.3 	 93.5 	 58.0	
	 79.1 	 78.1 	 74.3 	 66.2 	 69.5 	 68.5 	 62.7 	 71.7		 61.7 	 61.9 	 41.5 	 27.5 	 47.7 	 40.4 	 22.4 	 44.6 	 84.4 	 73.2 	 76.3	
	 78.9 	 77.9 	 73.9 	 65.6 	 69.3 	 68.0 	 62.3 	 71.4		 64.2 	 64.3 	 46.1 	 34.9 	 50.3 	 47.1 	 32.1 	 49.5 	 84.5 	 76.8 	 75.7	
	 78.5 	 77.4 	 73.1 	 64.3 	 68.6 	 67.1 	 61.2 	 70.6		 65.9 	 65.7 	 50.9 	 42.0 	 52.6 	 51.2 	 38.6 	 53.3 	 84.7 	 80.3 	 74.6	
	 77.6 	 76.4 	 71.5 	 62.0 	 67.3 	 65.5 	 59.3 	 69.1		 67.2 	 66.4 	 54.5 	 46.5 	 54.8 	 53.6 	 42.7 	 55.9 	 84.9 	 83.7 	 72.6	
	 76.2 	 74.5 	 68.8 	 58.7 	 64.8 	 63.1 	 56.4 	 66.7		 67.5 	 66.6 	 56.7 	 48.8 	 55.7 	 54.8 	 44.7 	 57.1 	 85.2 	 87.1 	 69.7	
	 73.8 	 71.1 	 64.7 	 54.2 	 59.5 	 58.9 	 52.6 	 62.9		 66.9 	 65.0 	 56.7 	 48.2 	 53.3 	 53.4 	 44.7 	 56.2 	 85.6 	 90.4 	 65.3	
	 67.5 	 64.4 	 57.4 	 47.5 	 47.9 	 52.1 	 46.9 	 55.7		 62.7 	 60.4 	 53.1 	 44.6 	 44.7 	 49.0 	 42.8 	 51.8 	 86.3 	 93.7 	 57.3	
